[x,Error, i]=noLineal([0 1], 0.001, 10,true)
x =  1.36881288868898
Error = 0
i =  3
[x,Error, i]=noLineal(1, 0.001, 10,false)
x =  1.36933647058824
Error = 0
i =  2