# Created by Octave 4.0.0, Wed Apr 06 09:51:45 2016 CDT <Ruben@Rubens-MacBook.local>
# name: X
# type: scalar
-0


# name: X
# type: matrix
# rows: 1
# columns: 2
 -0 2.666666666666667


# name: X
# type: matrix
# rows: 1
# columns: 3
 -0 2.666666666666667 4.5


# name: X
# type: matrix
# rows: 1
# columns: 3
 0.833333333333333 2.666666666666667 4.5


# name: X
# type: matrix
# rows: 1
# columns: 3
 0.833333333333333 2.666666666666667 4.5


# name: X
# type: matrix
# rows: 1
# columns: 3
 0.833333333333333 2.666666666666667 4.5


# name: X
# type: matrix
# rows: 1
# columns: 3
 0.833333333333333 2.666666666666667 4.5


# name: X
# type: matrix
# rows: 1
# columns: 3
 0.833333333333333 2.111111111111111 4.5


# name: X
# type: matrix
# rows: 1
# columns: 3
 0.833333333333333 2.111111111111111 3.25


# name: X
# type: matrix
# rows: 1
# columns: 3
 0.9722222222222219 2.111111111111111 3.25


# name: X
# type: matrix
# rows: 1
# columns: 3
 0.9722222222222219 2.111111111111111 3.25


# name: X
# type: matrix
# rows: 1
# columns: 3
 0.9722222222222219 2.111111111111111 3.25


# name: X
# type: matrix
# rows: 1
# columns: 3
 0.9722222222222219 2.111111111111111 3.25


# name: X
# type: matrix
# rows: 1
# columns: 3
 0.9722222222222219 2.018518518518519 3.25


# name: X
# type: matrix
# rows: 1
# columns: 3
 0.9722222222222219 2.018518518518519 3.041666666666667


# name: X
# type: matrix
# rows: 1
# columns: 3
 0.9953703703703702 2.018518518518519 3.041666666666667


# name: X
# type: matrix
# rows: 1
# columns: 3
 0.9953703703703702 2.018518518518519 3.041666666666667


# name: X
# type: matrix
# rows: 1
# columns: 3
 0.9953703703703702 2.018518518518519 3.041666666666667


# name: X
# type: matrix
# rows: 1
# columns: 3
 0.9953703703703702 2.018518518518519 3.041666666666667


# name: X
# type: matrix
# rows: 1
# columns: 3
 0.9953703703703702 2.003086419753087 3.041666666666667


# name: X
# type: matrix
# rows: 1
# columns: 3
 0.9953703703703702 2.003086419753087 3.006944444444445


# name: X
# type: matrix
# rows: 1
# columns: 3
 0.9992283950617287 2.003086419753087 3.006944444444445


# name: X
# type: matrix
# rows: 1
# columns: 3
 0.9992283950617287 2.003086419753087 3.006944444444445


# name: X
# type: matrix
# rows: 1
# columns: 3
 0.9992283950617287 2.003086419753087 3.006944444444445


# name: X
# type: matrix
# rows: 1
# columns: 3
 0.9992283950617287 2.003086419753087 3.006944444444445


# name: X
# type: matrix
# rows: 1
# columns: 3
 0.9992283950617287 2.000514403292181 3.006944444444445


# name: X
# type: matrix
# rows: 1
# columns: 3
 0.9992283950617287 2.000514403292181 3.001157407407407


# name: X
# type: matrix
# rows: 1
# columns: 3
 0.9998713991769548 2.000514403292181 3.001157407407407


# name: X
# type: matrix
# rows: 1
# columns: 3
 0.9998713991769548 2.000514403292181 3.001157407407407


# name: X
# type: matrix
# rows: 1
# columns: 3
 0.9998713991769548 2.000514403292181 3.001157407407407


# name: X
# type: matrix
# rows: 1
# columns: 3
 0.9998713991769548 2.000514403292181 3.001157407407407


# name: X
# type: matrix
# rows: 1
# columns: 3
 0.9998713991769548 2.00008573388203 3.001157407407407


# name: X
# type: matrix
# rows: 1
# columns: 3
 0.9998713991769548 2.00008573388203 3.000192901234568


# name: X
# type: matrix
# rows: 1
# columns: 3
 0.9999785665294922 2.00008573388203 3.000192901234568


# name: X
# type: matrix
# rows: 1
# columns: 3
 0.9999785665294922 2.00008573388203 3.000192901234568


# name: X
# type: matrix
# rows: 1
# columns: 3
 0.9999785665294922 2.00008573388203 3.000192901234568


# name: X
# type: matrix
# rows: 1
# columns: 3
 0.9999785665294922 2.00008573388203 3.000192901234568


# name: X
# type: matrix
# rows: 1
# columns: 3
 0.9999785665294922 2.000014288980339 3.000192901234568


# name: X
# type: matrix
# rows: 1
# columns: 3
 0.9999785665294922 2.000014288980339 3.000032150205762


# name: X
# type: matrix
# rows: 1
# columns: 3
 0.9999964277549154 2.000014288980339 3.000032150205762


# name: X
# type: matrix
# rows: 1
# columns: 3
 0.9999964277549154 2.000014288980339 3.000032150205762


# name: X
# type: matrix
# rows: 1
# columns: 3
 0.9999964277549154 2.000014288980339 3.000032150205762


# name: X
# type: matrix
# rows: 1
# columns: 3
 0.9999964277549154 2.000014288980339 3.000032150205762


# name: X
# type: matrix
# rows: 1
# columns: 3
 0.9999964277549154 2.000002381496723 3.000032150205762


# name: X
# type: matrix
# rows: 1
# columns: 3
 0.9999964277549154 2.000002381496723 3.000005358367627


# name: X
# type: matrix
# rows: 1
# columns: 3
 0.9999994046258189 2.000002381496723 3.000005358367627


# name: X
# type: matrix
# rows: 1
# columns: 3
 0.9999994046258189 2.000002381496723 3.000005358367627


# name: X
# type: matrix
# rows: 1
# columns: 3
 0.9999994046258189 2.000002381496723 3.000005358367627


# name: X
# type: matrix
# rows: 1
# columns: 3
 0.9999994046258189 2.000002381496723 3.000005358367627


# name: X
# type: matrix
# rows: 1
# columns: 3
 0.9999994046258189 2.000000396916121 3.000005358367627


# name: X
# type: matrix
# rows: 1
# columns: 3
 0.9999994046258189 2.000000396916121 3.000000893061272


# name: X
# type: matrix
# rows: 1
# columns: 3
 0.9999999007709701 2.000000396916121 3.000000893061272


# name: X
# type: matrix
# rows: 1
# columns: 3
 0.9999999007709701 2.000000396916121 3.000000893061272


# name: X
# type: matrix
# rows: 1
# columns: 3
 0.9999999007709701 2.000000396916121 3.000000893061272


# name: X
# type: matrix
# rows: 1
# columns: 3
 0.9999999007709701 2.000000396916121 3.000000893061272


# name: X
# type: matrix
# rows: 1
# columns: 3
 0.9999999007709701 2.000000066152686 3.000000893061272


# name: X
# type: matrix
# rows: 1
# columns: 3
 0.9999999007709701 2.000000066152686 3.000000148843545


# name: X
# type: matrix
# rows: 1
# columns: 3
 0.9999999834618283 2.000000066152686 3.000000148843545


# name: X
# type: matrix
# rows: 1
# columns: 3
 0.9999999834618283 2.000000066152686 3.000000148843545


# name: X
# type: matrix
# rows: 1
# columns: 3
 0.9999999834618283 2.000000066152686 3.000000148843545


# name: X
# type: matrix
# rows: 1
# columns: 3
 0.9999999834618283 2.000000066152686 3.000000148843545


# name: X
# type: matrix
# rows: 1
# columns: 3
 0.9999999834618283 2.000000011025448 3.000000148843545


# name: X
# type: matrix
# rows: 1
# columns: 3
 0.9999999834618283 2.000000011025448 3.000000024807258


# name: X
# type: matrix
# rows: 1
# columns: 3
 0.9999999972436378 2.000000011025448 3.000000024807258


# name: X
# type: matrix
# rows: 1
# columns: 3
 0.9999999972436378 2.000000011025448 3.000000024807258


# name: X
# type: matrix
# rows: 1
# columns: 3
 0.9999999972436378 2.000000011025448 3.000000024807258


# name: X
# type: matrix
# rows: 1
# columns: 3
 0.9999999972436378 2.000000011025448 3.000000024807258


# name: X
# type: matrix
# rows: 1
# columns: 3
 0.9999999972436378 2.000000001837575 3.000000024807258


# name: X
# type: matrix
# rows: 1
# columns: 3
 0.9999999972436378 2.000000001837575 3.000000004134543


# name: X
# type: matrix
# rows: 1
# columns: 3
 0.9999999995406066 2.000000001837575 3.000000004134543


# name: X
# type: matrix
# rows: 1
# columns: 3
 0.9999999995406066 2.000000001837575 3.000000004134543


# name: X
# type: matrix
# rows: 1
# columns: 3
 0.9999999995406066 2.000000001837575 3.000000004134543


# name: X
# type: matrix
# rows: 1
# columns: 3
 0.9999999995406066 2.000000001837575 3.000000004134543


# name: X
# type: matrix
# rows: 1
# columns: 3
 0.9999999995406066 2.000000000306262 3.000000004134543


# name: X
# type: matrix
# rows: 1
# columns: 3
 0.9999999995406066 2.000000000306262 3.00000000068909


